-1.4542726203934069 0.0048992889067889 0.0516711205825702 -0.1075112656183956 0.0318503492494900 
-1.4185428000023697 -0.0935164898560659 -0.1722671134392880 -0.1226164849504803 0.0318503492494900 
-1.7354791235691667 0.0846928033949580 -0.1011799653656522 -0.1922958199754701 0.0318503492494900 
-1.6919742425748390 0.0644082805950505 0.1362363712906235 -0.0486337483545818 0.0318503492494900 

0.0707073223027499 0.1120712198932814 -0.1757446160560133 0.0569820786513272 0.0069702675686102 
-0.2589275800667860 -0.1496404466648486 -0.2027706970008794 0.1298851515635604 -0.0456246792090262 
-0.1910013908336950 -0.0738419106797955 -0.2112294810211172 -0.2221634431368359 -0.0573029707836836 
0.2631670989142876 -0.1240099109623940 0.0243413407371861 0.1870601512493046 0.0352851812259134 
0.0583050519055147 -0.0996211632405860 0.0711956625104445 0.0146022296342859 0.0048541059210752 
0.0098196839943742 0.2521195561871806 -0.0875988513460506 0.1521200727434391 0.0336572645610271 
0.0272720892566651 0.1520447501402189 -0.0323291101208694 0.2135520638227937 0.0367538738012197 
-0.0985313270469995 -0.0621142268984611 0.1653914056983644 0.2212753851762730 0.0238416986757418 

-0.1088988641842370 0.1232155407568282 0.0221879939757120 -0.1114908438655248 -0.0779318896971677 0.0322695651994533 0.0881930219491363 -0.0444209839775938 -0.0554365012641554 
-0.1065869306073227 -0.1373969520727938 -0.0358549521713720 -0.0962104234732977 -0.0638930701507115 0.1316452599576673 0.1158441038311204 0.0984013200951635 0.0952285300575843 
-0.0580676520495301 0.0064708491528369 -0.0364385605565908 0.0676436673064677 0.0035056757373438 0.0446406308704057 0.0109594679787114 -0.1127658468410607 0.0196276140947358 
-0.0169581886690445 0.1189337335379723 0.1240554461629460 0.0469359332235489 -0.0549507858692683 0.0507159608280190 0.0251520203250179 -0.0436105433947781 -0.0627753674288597 


