-1.2093079399090254 -0.1820812961225875 -0.0581762705598801 0.1066002054883069 0.0279936951864450 
-1.1735781195179882 -0.2804970748854423 -0.2821145045817382 0.0914949861562222 0.0279936951864450 
-1.4905144430847852 -0.1022877816344183 -0.2110273565081024 0.0218156511312324 0.0279936951864450 
-1.4470095620904575 -0.1225723044343258 0.0263889801481733 0.1654777227521206 0.0279936951864450 

0.0688879844903126 0.1102519199027027 -0.1775639611380658 0.0551627325144564 0.0060605923261254 
-0.2478987853697180 -0.1386119362656873 -0.1917418455803896 0.1409140098696306 -0.0401102361685345 
-0.1782741546806081 -0.0611149946167416 -0.1985021692660527 -0.2094361202868044 -0.0509392919297547 
0.2542760740318588 -0.1329007809857901 0.0154502771092589 0.1781690821144233 0.0308396355506166 
0.0570382708695114 -0.1008879187339586 0.0699288763078666 0.0133354426937311 0.0042207109387830 
0.0014133160471341 0.2437133830690835 -0.0960052576538470 0.1437136610479438 0.0294540482645370 
0.0181927713583646 0.1429656513967455 -0.0414084713556887 0.2044726966557836 0.0322141788102778 
-0.1046696728756757 -0.0682524532555738 0.1592530381824418 0.2151370143225811 0.0207725057603402 

-0.1079190153784162 0.1163730391726346 0.0129913004595195 -0.1063348776292109 -0.0772504159245637 0.0371029151496394 0.0934917446029254 -0.0410163041361262 -0.0479791027363364 
-0.1081986612223991 -0.1261411329346893 -0.0207258702092709 -0.1046917412520227 -0.0650140382395520 0.1236947134309574 0.1071279780468826 0.0928008887305940 0.0829596111667794 
-0.0583823134352975 0.0086685535418050 -0.0334843888861436 0.0659877566437093 0.0032868289571331 0.0430883544407361 0.0092577029626330 -0.1138592537274873 0.0172315703359928 
-0.0159577001265137 0.1119459039564958 0.1146623044084601 0.0522010676382808 -0.0542549390855851 0.0556515610996076 0.0305629418153177 -0.0401339563323697 -0.0551567874307013 


