-1.2598807285429663 0.0667520021435437 -0.0267524807525054 0.1051810274673754 0.0260653681549225 
-1.2241509081519291 -0.0316637766193111 -0.2506907147743635 0.0900758081352907 0.0260653681549225 
-1.5410872317187261 0.1465455166317128 -0.1796035667007278 0.0203964731103009 0.0260653681549225 
-1.4975823507243984 0.1262609938318053 0.0578127699555480 0.1640585447311892 0.0260653681549225 

0.0682659759281648 0.1096295687315208 -0.1781151367538713 0.0545552909945833 0.0056410026145247 
-0.2439764064553410 -0.1346873217249481 -0.1882821231559592 0.1447413316724989 -0.0374171643340161 
-0.1736181645426855 -0.0564562750222397 -0.1944112739287912 -0.2048961860495986 -0.0476966485453631 
0.2511769907640862 -0.1360016014916447 0.0127105217009279 0.1751438636968213 0.0287265734447143 
0.0566038510954567 -0.1013225780636387 0.0695440042193436 0.0129112084677840 0.0039279945033721 
-0.0014873057931401 0.2408111437026694 -0.0985714572586282 0.1408818131787977 0.0274745342691915 
0.0150387932496093 0.1398099060652604 -0.0441969995049727 0.2013938578037654 0.0300593235348893 
-0.1068046820999078 -0.0703886514988019 0.1573639770827307 0.2130525605480237 0.0193294143987139 

-0.1075200582103726 0.1142802804061168 0.0101515568442782 -0.1047352874075164 -0.0770770904071245 0.0386616969806950 0.0951653395661871 -0.0400546304260484 -0.0447362403908934 
-0.1088538433682240 -0.1227097932030996 -0.0160722133301926 -0.1073153435518140 -0.0652981988181839 0.1211374532104842 0.1043827506924716 0.0912238377042775 0.0775933799665208 
-0.0585130265390306 0.0093503621165665 -0.0325601384587028 0.0654661770500407 0.0032304767761541 0.0425796664962384 0.0087118104455375 -0.1141724413153225 0.0161549611767519 
-0.0155309749588492 0.1097293271152942 0.1116566736021373 0.0538971246679485 -0.0540723869112272 0.0573066932536013 0.0323385342842688 -0.0391172557159184 -0.0516641886424510 


